# The power spectrum definition is smaller than CAMB by a factor 8 pi^3.
#       k [h/Mpc]           P_cdm          P_vcdm         P_total
          0.0001     0.000165323     0.000165323     0.000165323
     0.000106333     0.000175457     0.000175457     0.000175457
     0.000113066     0.000186212     0.000186212     0.000186212
     0.000120226     0.000197625     0.000197625     0.000197625
      0.00012784     0.000209737     0.000209737     0.000209737
     0.000135936      0.00022259      0.00022259      0.00022259
     0.000144544     0.000236229     0.000236229     0.000236229
     0.000153697     0.000250703     0.000250703     0.000250703
     0.000163431     0.000266062     0.000266062     0.000266062
      0.00017378      0.00028236      0.00028236      0.00028236
     0.000184785     0.000299654     0.000299654     0.000299654
     0.000196487     0.000318005     0.000318005     0.000318005
      0.00020893     0.000337475     0.000337475     0.000337475
      0.00022216     0.000358134     0.000358134     0.000358134
     0.000236229     0.000380052     0.000380052     0.000380052
     0.000251189     0.000403305     0.000403305     0.000403305
     0.000267096     0.000427975     0.000427975     0.000427975
      0.00028401     0.000454145     0.000454145     0.000454145
     0.000301995     0.000481906     0.000481906     0.000481906
     0.000321119     0.000511351     0.000511351     0.000511351
     0.000341455     0.000542582     0.000542582     0.000542582
     0.000363078     0.000575704     0.000575704     0.000575704
     0.000386071     0.000610828     0.000610828     0.000610828
     0.000410519     0.000648071     0.000648071     0.000648071
     0.000436516     0.000687557     0.000687557     0.000687557
     0.000464159     0.000729416     0.000729416     0.000729416
     0.000493552     0.000773785     0.000773785     0.000773785
     0.000524807     0.000820806     0.000820806     0.000820806
     0.000558042      0.00087063      0.00087063      0.00087063
     0.000593381     0.000923415     0.000923415     0.000923415
     0.000630957     0.000979323     0.000979323     0.000979323
     0.000670914      0.00103853      0.00103853      0.00103853
       0.0007134      0.00110121      0.00110121      0.00110121
     0.000758578      0.00116754      0.00116754      0.00116754
     0.000806616      0.00123773      0.00123773      0.00123773
     0.000857696      0.00131197      0.00131197      0.00131197
     0.000912011      0.00139046      0.00139046      0.00139046
     0.000969765      0.00147342      0.00147342      0.00147342
      0.00103118      0.00156105      0.00156105      0.00156105
      0.00109648      0.00165358      0.00165358      0.00165358
      0.00116591      0.00175123      0.00175123      0.00175123
      0.00123975      0.00185422      0.00185422      0.00185422
      0.00131826      0.00196277      0.00196277      0.00196277
      0.00140174       0.0020771       0.0020771       0.0020771
       0.0014905      0.00219743      0.00219743      0.00219743
      0.00158489      0.00232397      0.00232397      0.00232397
      0.00168526      0.00245693      0.00245693      0.00245693
      0.00179198      0.00259648      0.00259648      0.00259648
      0.00190546      0.00274282      0.00274282      0.00274282
      0.00202613      0.00289609      0.00289609      0.00289609
      0.00215443      0.00305644      0.00305644      0.00305644
      0.00229087      0.00322397      0.00322397      0.00322397
      0.00243594      0.00339875      0.00339875      0.00339875
       0.0025902      0.00358084      0.00358084      0.00358084
      0.00275423      0.00377023      0.00377023      0.00377023
      0.00292864      0.00396688      0.00396688      0.00396688
      0.00311411      0.00417069      0.00417069      0.00417069
      0.00331131      0.00438152      0.00438152      0.00438152
      0.00352101      0.00459913      0.00459913      0.00459913
      0.00374398      0.00482326      0.00482326      0.00482326
      0.00398107      0.00505353      0.00505353      0.00505353
      0.00423318      0.00528951      0.00528951      0.00528951
      0.00450125      0.00553068      0.00553068      0.00553068
       0.0047863       0.0057764       0.0057764       0.0057764
       0.0050894      0.00602597      0.00602597      0.00602597
       0.0054117      0.00627857      0.00627857      0.00627857
       0.0057544      0.00653327      0.00653327      0.00653327
      0.00611881      0.00678903      0.00678903      0.00678903
      0.00650629      0.00704469      0.00704469      0.00704469
      0.00691831      0.00729899      0.00729899      0.00729899
      0.00735642      0.00755052      0.00755052      0.00755052
      0.00782228      0.00779775      0.00779775      0.00779775
      0.00831764      0.00803901      0.00803901      0.00803901
      0.00884437      0.00827251      0.00827251      0.00827251
      0.00940445      0.00849631      0.00849631      0.00849631
            0.01      0.00870832      0.00870832      0.00870832
       0.0106333       0.0089063       0.0089063       0.0089063
       0.0113066      0.00908788      0.00908788      0.00908788
       0.0120226      0.00925053      0.00925053      0.00925053
        0.012784      0.00939156      0.00939156      0.00939156
       0.0135936      0.00950818      0.00950818      0.00950818
       0.0144544      0.00959748      0.00959748      0.00959748
       0.0153697      0.00965647      0.00965647      0.00965647
       0.0163431       0.0096822       0.0096822       0.0096822
        0.017378      0.00967179      0.00967179      0.00967179
       0.0184785      0.00962259      0.00962259      0.00962259
       0.0196487      0.00953242      0.00953242      0.00953242
        0.020893      0.00939971      0.00939971      0.00939971
        0.022216      0.00922383      0.00922383      0.00922383
       0.0236229      0.00900537      0.00900537      0.00900537
       0.0251189      0.00874637      0.00874637      0.00874637
       0.0267096      0.00845053      0.00845053      0.00845053
        0.028401      0.00812324      0.00812324      0.00812324
       0.0301995       0.0077714       0.0077714       0.0077714
       0.0321119      0.00740315      0.00740315      0.00740315
       0.0341455      0.00702723      0.00702723      0.00702723
       0.0363078      0.00665245      0.00665245      0.00665245
       0.0386071      0.00628701      0.00628701      0.00628701
       0.0410519        0.005938        0.005938        0.005938
       0.0436516      0.00561113      0.00561113      0.00561113
       0.0464159      0.00531048      0.00531048      0.00531048
       0.0493552      0.00503843      0.00503843      0.00503843
       0.0524807      0.00479536      0.00479536      0.00479536
       0.0558042      0.00457918      0.00457918      0.00457918
       0.0593381      0.00438466      0.00438466      0.00438466
       0.0630957      0.00420273      0.00420273      0.00420273
       0.0670914      0.00402051      0.00402051      0.00402051
         0.07134       0.0038226       0.0038226       0.0038226
       0.0758578      0.00359463      0.00359463      0.00359463
       0.0806616      0.00332861      0.00332861      0.00332861
       0.0857696       0.0030285       0.0030285       0.0030285
       0.0912011      0.00271271      0.00271271      0.00271271
       0.0969765      0.00241037      0.00241037      0.00241037
        0.103118       0.0021514       0.0021514       0.0021514
        0.109648      0.00195424      0.00195424      0.00195424
        0.116591      0.00181665      0.00181665      0.00181665
        0.123975      0.00171377      0.00171377      0.00171377
        0.131826      0.00160726      0.00160726      0.00160726
        0.140174      0.00146724      0.00146724      0.00146724
         0.14905      0.00129562      0.00129562      0.00129562
        0.158489       0.0011268       0.0011268       0.0011268
        0.168526     0.000997819     0.000997819     0.000997819
        0.179198     0.000914952     0.000914952     0.000914952
        0.190546     0.000848579     0.000848579     0.000848579
        0.202613     0.000764946     0.000764946     0.000764946
        0.215443     0.000666711     0.000666711     0.000666711
        0.229087     0.000584997     0.000584997     0.000584997
        0.243594     0.000530137     0.000530137     0.000530137
         0.25902     0.000479435     0.000479435     0.000479435
        0.275423     0.000420518     0.000420518     0.000420518
        0.292864     0.000369738     0.000369738     0.000369738
        0.311411     0.000331737     0.000331737     0.000331737
        0.331131     0.000293441     0.000293441     0.000293441
        0.352101     0.000257512     0.000257512     0.000257512
        0.374398     0.000228711     0.000228711     0.000228711
        0.398107     0.000201268     0.000201268     0.000201268
        0.423318     0.000177124     0.000177124     0.000177124
        0.450125     0.000156072     0.000156072     0.000156072
         0.47863     0.000136964     0.000136964     0.000136964
         0.50894     0.000120358     0.000120358     0.000120358
         0.54117      0.00010549      0.00010549      0.00010549
         0.57544     9.24543e-05     9.24543e-05     9.24543e-05
        0.611881     8.09179e-05     8.09179e-05     8.09179e-05
        0.650629     7.07597e-05     7.07597e-05     7.07597e-05
        0.691831     6.18289e-05     6.18289e-05     6.18289e-05
        0.735642     5.39707e-05     5.39707e-05     5.39707e-05
        0.782228     4.70715e-05     4.70715e-05     4.70715e-05
        0.831764     4.10215e-05     4.10215e-05     4.10215e-05
        0.884437     3.57199e-05     3.57199e-05     3.57199e-05
        0.940445     3.10783e-05     3.10783e-05     3.10783e-05
               1     2.70185e-05     2.70185e-05     2.70185e-05
         1.06333     2.34711e-05     2.34711e-05     2.34711e-05
         1.13066     2.03742e-05     2.03742e-05     2.03742e-05
         1.20226      1.7673e-05      1.7673e-05      1.7673e-05
          1.2784      1.5319e-05      1.5319e-05      1.5319e-05
         1.35936     1.32694e-05     1.32694e-05     1.32694e-05
         1.44544      1.1486e-05      1.1486e-05      1.1486e-05
         1.53697     9.93573e-06     9.93573e-06     9.93573e-06
         1.63431     8.58899e-06     8.58899e-06     8.58899e-06
          1.7378      7.4201e-06      7.4201e-06      7.4201e-06
         1.84785     6.40624e-06     6.40624e-06     6.40624e-06
         1.96487     5.52752e-06     5.52752e-06     5.52752e-06
          2.0893     4.76646e-06     4.76646e-06     4.76646e-06
          2.2216     4.10778e-06     4.10778e-06     4.10778e-06
         2.36229     3.53808e-06     3.53808e-06     3.53808e-06
         2.51189     3.04568e-06     3.04568e-06     3.04568e-06
         2.67096     2.62037e-06     2.62037e-06     2.62037e-06
          2.8401     2.25324e-06     2.25324e-06     2.25324e-06
         3.01995     1.93653e-06     1.93653e-06     1.93653e-06
         3.21119     1.66348e-06     1.66348e-06     1.66348e-06
         3.41455     1.42821e-06     1.42821e-06     1.42821e-06
         3.63078     1.22561e-06     1.22561e-06     1.22561e-06
         3.86071     1.05125e-06     1.05125e-06     1.05125e-06
         4.10519     9.01268e-07     9.01268e-07     9.01268e-07
         4.36516     7.72331e-07     7.72331e-07     7.72331e-07
         4.64159     6.61542e-07     6.61542e-07     6.61542e-07
         4.93552     5.66398e-07     5.66398e-07     5.66398e-07
         5.24807     4.84729e-07     4.84729e-07     4.84729e-07
         5.58042     4.14663e-07     4.14663e-07     4.14663e-07
         5.93381     3.54579e-07     3.54579e-07     3.54579e-07
         6.30957      3.0308e-07      3.0308e-07      3.0308e-07
         6.70914     2.58959e-07     2.58959e-07     2.58959e-07
           7.134     2.21177e-07     2.21177e-07     2.21177e-07
         7.58578     1.88836e-07     1.88836e-07     1.88836e-07
         8.06616     1.61166e-07     1.61166e-07     1.61166e-07
         8.57696     1.37501e-07     1.37501e-07     1.37501e-07
         9.12011     1.17269e-07     1.17269e-07     1.17269e-07
         9.69765     9.99807e-08     9.99807e-08     9.99807e-08
         10.3118     8.52124e-08     8.52124e-08     8.52124e-08
         10.9648     7.26019e-08     7.26019e-08     7.26019e-08
         11.6591     6.18378e-08     6.18378e-08     6.18378e-08
         12.3975     5.26532e-08     5.26532e-08     5.26532e-08
         13.1826      4.4819e-08      4.4819e-08      4.4819e-08
         14.0174     3.81391e-08     3.81391e-08     3.81391e-08
          14.905     3.24452e-08     3.24452e-08     3.24452e-08
         15.8489     2.75936e-08     2.75936e-08     2.75936e-08
         16.8526     2.34608e-08     2.34608e-08     2.34608e-08
         17.9198     1.99415e-08     1.99415e-08     1.99415e-08
         19.0546     1.69456e-08     1.69456e-08     1.69456e-08
         20.2613      1.4396e-08      1.4396e-08      1.4396e-08
         21.5443     1.22269e-08     1.22269e-08     1.22269e-08
         22.9087      1.0382e-08      1.0382e-08      1.0382e-08
         24.3594     8.81329e-09     8.81329e-09     8.81329e-09
          25.902      7.4798e-09      7.4798e-09      7.4798e-09
         27.5423     6.34657e-09     6.34657e-09     6.34657e-09
         29.2864     5.38379e-09     5.38379e-09     5.38379e-09
         31.1411     4.56602e-09     4.56602e-09     4.56602e-09
         33.1131      3.8716e-09      3.8716e-09      3.8716e-09
         35.2101     3.28208e-09     3.28208e-09     3.28208e-09
         37.4398     2.78173e-09     2.78173e-09     2.78173e-09
         39.8107     2.35716e-09     2.35716e-09     2.35716e-09
         42.3318     1.99698e-09     1.99698e-09     1.99698e-09
         45.0125      1.6915e-09      1.6915e-09      1.6915e-09
          47.863     1.43246e-09     1.43246e-09     1.43246e-09
          50.894     1.21286e-09     1.21286e-09     1.21286e-09
          54.117     1.02672e-09     1.02672e-09     1.02672e-09
          57.544     8.68995e-10     8.68995e-10     8.68995e-10
         61.1881     7.35361e-10     7.35361e-10     7.35361e-10
         65.0629     6.22165e-10     6.22165e-10     6.22165e-10
         69.1831     5.26301e-10     5.26301e-10     5.26301e-10
         73.5642      4.4513e-10      4.4513e-10      4.4513e-10
         78.2228     3.76414e-10     3.76414e-10     3.76414e-10
         83.1764     3.18253e-10     3.18253e-10     3.18253e-10
         88.4437     2.69034e-10     2.69034e-10     2.69034e-10
         94.0445      2.2739e-10      2.2739e-10      2.2739e-10
             100     1.92162e-10     1.92162e-10     1.92162e-10
         106.333     1.62366e-10     1.62366e-10     1.62366e-10
         113.066     1.37169e-10     1.37169e-10     1.37169e-10
         120.226     1.15865e-10     1.15865e-10     1.15865e-10
          127.84     9.78554e-11     9.78554e-11     9.78554e-11
         135.936      8.2633e-11      8.2633e-11      8.2633e-11
         144.544     6.97685e-11     6.97685e-11     6.97685e-11
         153.697     5.88985e-11     5.88985e-11     5.88985e-11
         163.431     4.97152e-11     4.97152e-11     4.97152e-11
          173.78      4.1958e-11      4.1958e-11      4.1958e-11
         184.785     3.54065e-11     3.54065e-11     3.54065e-11
         196.487     2.98739e-11     2.98739e-11     2.98739e-11
          208.93     2.52027e-11     2.52027e-11     2.52027e-11
          222.16     2.12591e-11     2.12591e-11     2.12591e-11
         236.229     1.79303e-11     1.79303e-11     1.79303e-11
         251.189     1.51209e-11     1.51209e-11     1.51209e-11
         267.096     1.27501e-11     1.27501e-11     1.27501e-11
          284.01     1.07498e-11     1.07498e-11     1.07498e-11
         301.995      9.0622e-12      9.0622e-12      9.0622e-12
         321.119     7.63865e-12     7.63865e-12     7.63865e-12
         341.455     6.43798e-12     6.43798e-12     6.43798e-12
         363.078     5.42543e-12     5.42543e-12     5.42543e-12
         386.071     4.57162e-12     4.57162e-12     4.57162e-12
         410.519     3.85175e-12     3.85175e-12     3.85175e-12
         436.516     3.24489e-12     3.24489e-12     3.24489e-12
         464.159     2.73335e-12     2.73335e-12     2.73335e-12
         493.552     2.30221e-12     2.30221e-12     2.30221e-12
         524.807     1.93887e-12     1.93887e-12     1.93887e-12
         558.042     1.63271e-12     1.63271e-12     1.63271e-12
         593.381     1.37476e-12     1.37476e-12     1.37476e-12
         630.957     1.15744e-12     1.15744e-12     1.15744e-12
         670.914     9.74386e-13     9.74386e-13     9.74386e-13
           713.4     8.20202e-13     8.20202e-13     8.20202e-13
         758.578     6.90349e-13     6.90349e-13     6.90349e-13
         806.616        5.81e-13        5.81e-13        5.81e-13
         857.696     4.88927e-13     4.88927e-13     4.88927e-13
         912.011     4.11407e-13     4.11407e-13     4.11407e-13
         969.765     3.46146e-13     3.46146e-13     3.46146e-13
         1031.18     2.91212e-13     2.91212e-13     2.91212e-13
         1096.48     2.44975e-13     2.44975e-13     2.44975e-13
         1165.91     2.06061e-13     2.06061e-13     2.06061e-13
         1239.75     1.73314e-13     1.73314e-13     1.73314e-13
         1318.26     1.45759e-13     1.45759e-13     1.45759e-13
         1401.74     1.22574e-13     1.22574e-13     1.22574e-13
          1490.5     1.03069e-13     1.03069e-13     1.03069e-13
         1584.89     8.66606e-14     8.66606e-14     8.66606e-14
         1685.26     7.28585e-14     7.28585e-14     7.28585e-14
         1791.98     6.12499e-14     6.12499e-14     6.12499e-14
         1905.46     5.14868e-14     5.14868e-14     5.14868e-14
         2026.13     4.32766e-14     4.32766e-14     4.32766e-14
         2154.43     3.63728e-14     3.63728e-14     3.63728e-14
         2290.87     3.05681e-14     3.05681e-14     3.05681e-14
         2435.94     2.56879e-14     2.56879e-14     2.56879e-14
          2590.2     2.15852e-14     2.15852e-14     2.15852e-14
         2754.23     1.81364e-14     1.81364e-14     1.81364e-14
         2928.64     1.52376e-14     1.52376e-14     1.52376e-14
         3114.11     1.28012e-14     1.28012e-14     1.28012e-14
         3311.31     1.07536e-14     1.07536e-14     1.07536e-14
         3521.01      9.0329e-15      9.0329e-15      9.0329e-15
         3743.98     7.58701e-15     7.58701e-15     7.58701e-15
         3981.07     6.37214e-15     6.37214e-15     6.37214e-15
         4233.18     5.35144e-15     5.35144e-15     5.35144e-15
         4501.25     4.49395e-15     4.49395e-15     4.49395e-15
          4786.3      3.7736e-15      3.7736e-15      3.7736e-15
          5089.4     3.16852e-15     3.16852e-15     3.16852e-15
          5411.7     2.66029e-15     2.66029e-15     2.66029e-15
          5754.4     2.23344e-15     2.23344e-15     2.23344e-15
         6118.81     1.87497e-15     1.87497e-15     1.87497e-15
         6506.29     1.57393e-15     1.57393e-15     1.57393e-15
         6918.31     1.32114e-15     1.32114e-15     1.32114e-15
         7356.42     1.10889e-15     1.10889e-15     1.10889e-15
         7822.28     9.30683e-16     9.30683e-16     9.30683e-16
         8317.64     7.81069e-16     7.81069e-16     7.81069e-16
         8844.37     6.55467e-16     6.55467e-16     6.55467e-16
         9404.45     5.50032e-16     5.50032e-16     5.50032e-16
